-256 -64 -256
-256 -64 -208
-256 -64 -160
-256 -64 -112
-256 -64 -64
-256 -64 -16
-256 -64 32
-256 -64 80
-256 -64 128
-256 -64 176
-256 -64 224 (48*48*32)

-208 -64 -256
-208 -64 -208
-208 -64 -160
-208 -64 -112
-208 -64 -64
-208 -64 -16
-208 -64 32
-208 -64 80
-208 -64 128
-208 -64 176
-208 -64 224 (48*48*32)

-160 -64 -256
-160 -64 -208
-160 -64 -160
-160 -64 -112
-160 -64 -64
-160 -64 -16
-160 -64 32
-160 -64 80
-160 -64 128
-160 -64 176
-160 -64 224 (48*48*32)

-112 -64 -256
-112 -64 -208
-112 -64 -160
-112 -64 -112
-112 -64 -64
-112 -64 -16
-112 -64 32
-112 -64 80
-112 -64 128
-112 -64 176
-112 -64 224 (48*48*32)

-64 -64 -256
-64 -64 -208
-64 -64 -160
-64 -64 -112
-64 -64 -64
-64 -64 -16
-64 -64 32
-64 -64 80
-64 -64 128
-64 -64 176
-64 -64 224 (48*48*32)

-16 -64 -256
-16 -64 -208
-16 -64 -160
-16 -64 -112
-16 -64 -64
-16 -64 -16
-16 -64 32
-16 -64 80
-16 -64 128
-16 -64 176
-16 -64 224 (48*48*32)

32 -64 -256
32 -64 -208
32 -64 -160
32 -64 -112
32 -64 -64
32 -64 -16
32 -64 32
32 -64 80
32 -64 128
32 -64 176
32 -64 224 (48*48*32)

80 -64 -256
80 -64 -208
80 -64 -160
80 -64 -112
80 -64 -64
80 -64 -16
80 -64 32
80 -64 80
80 -64 128
80 -64 176
80 -64 224 (48*48*32)

128 -64 -256
128 -64 -208
128 -64 -160
128 -64 -112
128 -64 -64
128 -64 -16
128 -64 32
128 -64 80
128 -64 128
128 -64 176
128 -64 224 (48*48*32)

176 -64 -256
176 -64 -208
176 -64 -160
176 -64 -112
176 -64 -64
176 -64 -16
176 -64 32
176 -64 80
176 -64 128
176 -64 176
176 -64 224 (48*48*32)

224 -64 -256
224 -64 -208
224 -64 -160
224 -64 -112
224 -64 -64
224 -64 -16
224 -64 32
224 -64 80
224 -64 128
224 -64 176
224 -64 224 (48*48*32)

-256 -16 -256
-256 -16 -208
-256 -16 -160
-256 -16 -112
-256 -16 -64
-256 -16 -16
-256 -16 32
-256 -16 80
-256 -16 128
-256 -16 176
-256 -16 224 (48*48*32)

-208 -16 -256
-208 -16 -208
-208 -16 -160
-208 -16 -112
-208 -16 -64
-208 -16 -16
-208 -16 32
-208 -16 80
-208 -16 128
-208 -16 176
-208 -16 224 (48*48*32)

-160 -16 -256
-160 -16 -208
-160 -16 -160
-160 -16 -112
-160 -16 -64
-160 -16 -16
-160 -16 32
-160 -16 80
-160 -16 128
-160 -16 176
-160 -16 224 (48*48*32)

-112 -16 -256
-112 -16 -208
-112 -16 -160
-112 -16 -112
-112 -16 -64
-112 -16 -16
-112 -16 32
-112 -16 80
-112 -16 128
-112 -16 176
-112 -16 224 (48*48*32)

-64 -16 -256
-64 -16 -208
-64 -16 -160
-64 -16 -112
-64 -16 -64
-64 -16 -16
-64 -16 32
-64 -16 80
-64 -16 128
-64 -16 176
-64 -16 224 (48*48*32)

-16 -16 -256
-16 -16 -208
-16 -16 -160
-16 -16 -112
-16 -16 -64
-16 -16 -16
-16 -16 32
-16 -16 80
-16 -16 128
-16 -16 176
-16 -16 224 (48*48*32)

32 -16 -256
32 -16 -208
32 -16 -160
32 -16 -112
32 -16 -64
32 -16 -16
32 -16 32
32 -16 80
32 -16 128
32 -16 176
32 -16 224 (48*48*32)

80 -16 -256
80 -16 -208
80 -16 -160
80 -16 -112
80 -16 -64
80 -16 -16
80 -16 32
80 -16 80
80 -16 128
80 -16 176
80 -16 224 (48*48*32)

128 -16 -256
128 -16 -208
128 -16 -160
128 -16 -112
128 -16 -64
128 -16 -16
128 -16 32
128 -16 80
128 -16 128
128 -16 176
128 -16 224 (48*48*32)

176 -16 -256
176 -16 -208
176 -16 -160
176 -16 -112
176 -16 -64
176 -16 -16
176 -16 32
176 -16 80
176 -16 128
176 -16 176
176 -16 224 (48*48*32)

224 -16 -256
224 -16 -208
224 -16 -160
224 -16 -112
224 -16 -64
224 -16 -16
224 -16 32
224 -16 80
224 -16 128
224 -16 176
224 -16 224 (48*48*32)

-256 32 -256
-256 32 -208
-256 32 -160
-256 32 -112
-256 32 -64
-256 32 -16
-256 32 32
-256 32 80
-256 32 128
-256 32 176
-256 32 224 (48*48*32)

-208 32 -256
-208 32 -208
-208 32 -160
-208 32 -112
-208 32 -64
-208 32 -16
-208 32 32
-208 32 80
-208 32 128
-208 32 176
-208 32 224 (48*48*32)

-160 32 -256
-160 32 -208
-160 32 -160
-160 32 -112
-160 32 -64
-160 32 -16
-160 32 32
-160 32 80
-160 32 128
-160 32 176
-160 32 224 (48*48*32)

-112 32 -256
-112 32 -208
-112 32 -160
-112 32 -112
-112 32 -64
-112 32 -16
-112 32 32
-112 32 80
-112 32 128
-112 32 176
-112 32 224 (48*48*32)

-64 32 -256
-64 32 -208
-64 32 -160
-64 32 -112
-64 32 -64
-64 32 -16
-64 32 32
-64 32 80
-64 32 128
-64 32 176
-64 32 224 (48*48*32)

-16 32 -256
-16 32 -208
-16 32 -160
-16 32 -112
-16 32 -64
-16 32 -16
-16 32 32
-16 32 80
-16 32 128
-16 32 176
-16 32 224 (48*48*32)

32 32 -256
32 32 -208
32 32 -160
32 32 -112
32 32 -64
32 32 -16
32 32 32
32 32 80
32 32 128
32 32 176
32 32 224 (48*48*32)

80 32 -256
80 32 -208
80 32 -160
80 32 -112
80 32 -64
80 32 -16
80 32 32
80 32 80
80 32 128
80 32 176
80 32 224 (48*48*32)

128 32 -256
128 32 -208
128 32 -160
128 32 -112
128 32 -64
128 32 -16
128 32 32
128 32 80
128 32 128
128 32 176
128 32 224 (48*48*32)

176 32 -256
176 32 -208
176 32 -160
176 32 -112
176 32 -64
176 32 -16
176 32 32
176 32 80
176 32 128
176 32 176
176 32 224 (48*48*32)

224 32 -256
224 32 -208
224 32 -160
224 32 -112
224 32 -64
224 32 -16
224 32 32
224 32 80
224 32 128
224 32 176
224 32 224 (48*48*32)

-256 80 -256
-256 80 -208
-256 80 -160
-256 80 -112
-256 80 -64
-256 80 -16
-256 80 32
-256 80 80
-256 80 128
-256 80 176
-256 80 224 (48*48*32)

-208 80 -256
-208 80 -208
-208 80 -160
-208 80 -112
-208 80 -64
-208 80 -16
-208 80 32
-208 80 80
-208 80 128
-208 80 176
-208 80 224 (48*48*32)

-160 80 -256
-160 80 -208
-160 80 -160
-160 80 -112
-160 80 -64
-160 80 -16
-160 80 32
-160 80 80
-160 80 128
-160 80 176
-160 80 224 (48*48*32)

-112 80 -256
-112 80 -208
-112 80 -160
-112 80 -112
-112 80 -64
-112 80 -16
-112 80 32
-112 80 80
-112 80 128
-112 80 176
-112 80 224 (48*48*32)

-64 80 -256
-64 80 -208
-64 80 -160
-64 80 -112
-64 80 -64
-64 80 -16
-64 80 32
-64 80 80
-64 80 128
-64 80 176
-64 80 224 (48*48*32)

-16 80 -256
-16 80 -208
-16 80 -160
-16 80 -112
-16 80 -64
-16 80 -16
-16 80 32
-16 80 80
-16 80 128
-16 80 176
-16 80 224 (48*48*32)

32 80 -256
32 80 -208
32 80 -160
32 80 -112
32 80 -64
32 80 -16
32 80 32
32 80 80
32 80 128
32 80 176
32 80 224 (48*48*32)

80 80 -256
80 80 -208
80 80 -160
80 80 -112
80 80 -64
80 80 -16
80 80 32
80 80 80
80 80 128
80 80 176
80 80 224 (48*48*32)

128 80 -256
128 80 -208
128 80 -160
128 80 -112
128 80 -64
128 80 -16
128 80 32
128 80 80
128 80 128
128 80 176
128 80 224 (48*48*32)

176 80 -256
176 80 -208
176 80 -160
176 80 -112
176 80 -64
176 80 -16
176 80 32
176 80 80
176 80 128
176 80 176
176 80 224 (48*48*32)

224 80 -256
224 80 -208
224 80 -160
224 80 -112
224 80 -64
224 80 -16
224 80 32
224 80 80
224 80 128
224 80 176
224 80 224 (48*48*32)
